0.77166661
0.64570000
0.50480018
0.37564978
0.29577237
0.24988093
0.22040272
0.19889399
0.18076948
0.16430893
0.15268528
0.14000512
0.12778258
0.12222946
0.10989135
0.10456261
0.09576231
0.08766644
0.08331799
0.07663875
0.07239194
0.06750630
0.06157582
0.05792389
0.05515509
0.05140510
0.04834927
0.04946356
0.04363460
0.04043234
0.03842825
0.03405164
0.03230613
0.03268605
0.02782178
0.03040783
0.02604012
0.02383126
0.02463615
0.02088318
0.02167297
0.02005379
0.01885760
0.01911272
0.01846266
0.02211336
0.01838182
0.01540095
0.01539030
0.01700669
0.01286056
0.01543179
0.01689071
0.01012632
0.00945196
0.01154634
0.01033037
0.01125317